-51163.673783,730.446073,741.393162,-89029.000842,522.243620,392.046726
0.999477,0.006118,0.031757
-0.017019,0.934479,0.355611
-0.027500,-0.355966,0.934094
583
1.000000,0.000000,0.000000,0.000000,713.124340,596.704928,848.127158,596.181045
1.000000,0.000000,0.000000,0.000000,705.617047,567.943693,759.373280,565.585780
1.000000,0.000000,0.000000,0.000000,640.624554,583.088097,599.365476,583.586361
0.000000,1.000000,0.000000,0.000000,366.498393,661.877177,366.940904,484.378281
0.000000,1.000000,0.000000,0.000000,344.773842,639.376239,344.901965,598.122754
1.000000,0.000000,0.000000,0.000000,368.124624,484.504998,458.123869,484.765579
0.000000,0.022089,0.000000,0.977911,756.260915,342.063446,767.927020,302.695908
0.999975,0.000000,0.000025,0.000000,880.626564,597.357513,944.376299,597.487428
0.000000,1.000000,0.000000,0.000000,761.502642,151.878691,762.085141,210.635309
1.000000,0.000000,0.000000,0.000000,270.630683,594.988846,350.635465,595.703596
1.000000,0.000000,0.000000,0.000000,470.626442,669.821919,351.874580,669.608658
1.000000,0.000000,0.000000,0.000000,473.115703,596.199161,528.141756,597.090123
0.000000,1.000000,0.000000,0.000000,763.378267,213.120136,764.266555,259.377083
1.000000,0.000000,0.000000,0.000000,289.298583,847.900877,346.851689,852.187948
0.000000,0.501373,0.498627,0.000000,520.909815,661.859247,520.383582,610.588988
0.000000,1.000000,0.000000,0.000000,804.454919,208.125687,805.701279,63.114912
0.000000,1.000000,0.000000,0.000000,805.827118,545.629187,804.623420,244.374007
0.000000,1.000000,0.000000,0.000000,628.234363,569.375036,628.325949,294.374651
1.000000,0.000000,0.000000,0.000000,781.874099,578.038839,845.617123,577.372016
0.000000,1.000000,0.000000,0.000000,642.600877,250.649808,640.080368,324.399107
0.000000,1.000000,0.000000,0.000000,799.645398,465.627557,799.087420,251.872488
1.000000,0.000000,0.000000,0.000000,309.384606,583.450302,261.876748,582.956765
0.000000,1.000000,0.000000,0.000000,722.779060,559.372617,722.011204,268.124641
0.999998,0.000000,0.000002,0.000000,348.123124,457.018121,476.876257,457.191462
1.000000,0.000000,0.000000,0.000000,521.873260,295.167612,561.875811,295.255409
0.000000,1.000000,0.000000,0.000000,799.077892,249.372996,800.283663,70.622697
1.000000,0.000000,0.000000,0.000000,535.622340,579.258248,608.170121,577.605082
0.000000,1.000000,0.000000,0.000000,604.376606,571.874998,604.192765,445.625265
0.000000,1.000000,0.000000,0.000000,897.522118,610.610636,899.325989,691.876088
0.000000,1.000000,0.000000,0.000000,586.445787,336.874129,585.966587,573.125693
0.000000,1.000000,0.000000,0.000000,755.416683,556.870480,754.548882,356.874246
1.000000,0.000000,0.000000,0.000000,398.125183,298.144247,454.381987,297.608064
1.000000,0.000000,0.000000,0.000000,260.624854,576.888252,306.883017,577.399329
0.000000,1.000000,0.000000,0.000000,604.609077,440.636671,604.149455,400.627591
1.000000,0.000000,0.000000,0.000000,765.533436,562.817240,821.955867,559.500777
0.999888,0.000000,0.000112,0.000000,904.361209,588.657472,945.618411,588.976681
1.000000,0.000000,0.000000,0.000000,449.386273,656.040351,384.364369,655.162120
1.000000,0.000000,0.000000,0.000000,905.574681,776.331462,945.644623,777.362041
1.000000,0.000000,0.000000,0.000000,596.865521,585.151292,520.626887,584.220415
1.000000,0.000000,0.000000,0.000000,341.875000,579.375000,261.875000,579.375000
1.000000,0.000000,0.000000,0.000000,474.375076,171.219580,518.124916,171.214012
1.000000,0.000000,0.000000,0.000000,450.621190,662.672769,368.123072,662.278811
1.000000,0.000000,0.000000,0.000000,194.304158,705.915796,260.586457,708.963300
0.000000,1.000000,0.000000,0.000000,638.346547,569.374280,637.733468,380.622212
1.000000,0.000000,0.000000,0.000000,373.120285,232.526759,445.635484,231.955255
0.000000,1.000000,0.000000,0.000000,624.315101,568.125357,623.392196,413.123409
0.000000,1.000000,0.000000,0.000000,583.554419,574.376769,584.558650,330.625757
0.000000,1.000000,0.000000,0.000000,812.852650,465.625863,811.640764,83.125742
0.999991,0.000000,0.000009,0.000000,845.645183,564.333607,799.347883,563.610024
1.000000,0.000000,0.000000,0.000000,246.868079,722.931172,314.406133,723.373713
0.000000,1.000000,0.000000,0.000000,657.906985,264.369781,658.469627,375.629578
0.000000,1.000000,0.000000,0.000000,748.320608,554.374144,747.407356,345.628140
1.000000,0.000000,0.000000,0.000000,288.120520,748.451078,231.863965,747.678237
1.000000,0.000000,0.000000,0.000000,476.879483,176.028107,520.624073,175.541639
0.000000,1.000000,0.000000,0.000000,790.794337,654.375708,790.590410,703.124855
0.000000,1.000000,0.000000,0.000000,623.700877,410.629304,624.541702,298.126246
1.000000,0.000000,0.000000,0.000000,895.623887,749.246070,853.116263,749.613098
0.000000,0.989493,0.010507,0.000000,602.859561,664.376280,602.570307,604.377674
0.000000,1.000000,0.000000,0.000000,754.050123,308.122597,753.641011,150.626907
0.000000,0.999991,0.000009,0.000000,456.327369,486.866453,455.683122,528.145416
0.000000,1.000000,0.000000,0.000000,604.332596,390.624916,604.469128,321.872705
0.000000,1.000000,0.000000,0.000000,690.781203,239.370307,691.052415,320.627746
0.000000,1.000000,0.000000,0.000000,602.909626,326.872343,601.537393,438.120836
0.000000,1.000000,0.000000,0.000000,181.071825,358.106711,179.022872,588.121863
1.000000,0.000000,0.000000,0.000000,705.615467,574.140454,763.122082,571.803204
0.000000,1.000000,0.000000,0.000000,785.966116,551.875972,785.478296,95.626493
1.000000,0.000000,0.000000,0.000000,295.633581,950.806706,359.359528,947.797355
0.000000,1.000000,0.000000,0.000000,633.090750,531.874998,633.103562,354.374998
0.000000,0.987763,0.012237,0.000000,467.841032,653.124653,468.066788,468.126454
0.000000,1.000000,0.000000,0.000000,768.408616,254.405176,769.343858,206.874387
0.000000,0.999999,0.000001,0.000000,606.268566,491.873107,606.018795,571.876229
0.000000,1.000000,0.000000,0.000000,644.357248,323.123104,650.660497,264.111756
0.000000,1.000000,0.000000,0.000000,722.245515,266.877508,722.871729,174.364824
1.000000,0.000000,0.000000,0.000000,231.808159,710.275666,175.589488,706.103515
0.003947,0.000000,0.996053,0.000000,363.598527,450.656738,410.676436,433.264225
0.000000,0.930479,0.069521,0.000000,456.131311,76.873012,456.514209,174.376417
0.000000,1.000000,0.000000,0.000000,601.875000,444.375000,601.875000,571.875000
0.000000,0.311047,0.000000,0.688953,704.692690,219.250793,710.343207,176.837458
0.000000,1.000000,0.000000,0.000000,821.853327,548.118940,819.744260,120.623178
0.000000,1.000000,0.000000,0.000000,671.545379,343.169061,676.159759,246.780918
1.000000,0.000000,0.000000,0.000000,518.122833,368.296158,565.625152,368.200757
1.000000,0.000000,0.000000,0.000000,215.609837,775.277149,270.636311,776.202025
0.000000,1.000000,0.000000,0.000000,852.760217,116.844973,856.055859,76.807573
0.000000,1.000000,0.000000,0.000000,632.976414,346.874591,633.120846,294.374989
0.000000,1.000000,0.000000,0.000000,747.254604,333.125904,747.065072,150.624803
1.000000,0.000000,0.000000,0.000000,579.381602,869.712891,683.140836,867.685438
0.000000,1.000000,0.000000,0.000000,640.091440,325.603607,639.566383,369.377296
0.000000,1.000000,0.000000,0.000000,630.412346,425.625811,630.960508,569.378487
0.000000,1.000000,0.000000,0.000000,714.857036,646.865290,714.208915,698.122900
0.000000,1.000000,0.000000,0.000000,505.789747,571.874628,505.261779,338.122997
0.000000,1.000000,0.000000,0.000000,621.875000,495.625000,621.875000,554.375000
0.000000,1.000000,0.000000,0.000000,801.435811,238.126610,802.191840,444.378421
0.000000,1.000000,0.000000,0.000000,582.139776,336.872674,581.578981,574.374301
0.000000,1.000000,0.000000,0.000000,92.421386,586.879649,94.346382,360.624757
0.000000,1.000000,0.000000,0.000000,766.262157,376.868984,766.852383,439.375214
0.000000,1.000000,0.000000,0.000000,707.028163,563.117984,705.915624,340.623547
1.000000,0.000000,0.000000,0.000000,586.869184,902.867007,638.121315,901.711561
0.000000,1.000000,0.000000,0.000000,778.138193,421.875055,779.448310,106.870106
0.000000,0.735958,0.264042,0.000000,365.752213,930.638768,370.623844,885.624875
1.000000,0.000000,0.000000,0.000000,371.889247,177.480563,474.361938,175.069773
0.000000,1.000000,0.000000,0.000000,779.533183,548.130665,778.884610,423.121059
0.000000,1.000000,0.000000,0.000000,761.073589,285.619029,759.293266,151.876088
1.000000,0.000000,0.000000,0.000000,655.618768,1000.067579,773.132030,998.753823
0.000000,0.236748,0.000000,0.763252,855.895182,75.668295,865.066355,18.436092
0.000000,0.999960,0.000040,0.000000,651.031445,611.872944,651.334964,671.877732
0.000000,1.000000,0.000000,0.000000,690.703441,325.623275,691.720509,371.878397
1.000000,0.000000,0.000000,0.000000,566.872905,157.966338,516.865118,158.626798
1.000000,0.000000,0.000000,0.000000,260.622512,585.560659,301.874953,585.647232
0.000000,1.000000,0.000000,0.000000,301.756590,485.620568,301.872903,548.129656
0.000000,1.000000,0.000000,0.000000,716.376238,463.123212,717.397829,178.122393
0.000000,1.000000,0.000000,0.000000,756.627413,153.126222,757.404692,310.622386
0.000000,1.000000,0.000000,0.000000,769.666855,185.619999,769.934342,134.371395
0.000000,1.000000,0.000000,0.000000,418.580006,583.125950,418.715726,518.126233
0.000000,1.000000,0.000000,0.000000,762.986968,556.884529,761.622469,358.126734
0.999993,0.000000,0.000007,0.000000,845.628087,556.129680,794.372359,556.443213
0.000000,1.000000,0.000000,0.000000,54.000206,586.874357,54.173912,485.622511
1.000000,0.000000,0.000000,0.000000,246.874935,720.962615,193.124937,720.952316
1.000000,0.000000,0.000000,0.000000,560.635557,672.362348,483.117777,674.041566
0.000000,1.000000,0.000000,0.000000,54.083409,484.390868,55.263421,413.119014
0.999999,0.000000,0.000001,0.000000,475.637948,453.198659,364.373911,451.973948
0.000000,1.000000,0.000000,0.000000,579.039008,573.122768,580.617007,335.624947
0.000000,1.000000,0.000000,0.000000,840.290934,144.354336,839.703576,189.379286
0.947116,0.000000,0.052884,0.000000,59.368054,299.897042,231.876203,298.251072
0.000000,1.000000,0.000000,0.000000,717.122516,555.628948,716.777917,468.125382
0.000000,1.000000,0.000000,0.000000,741.162825,554.374224,740.580063,150.626869
0.000000,1.000000,0.000000,0.000000,626.202594,296.874439,625.976398,568.125293
1.000000,0.000000,0.000000,0.000000,736.880583,902.132590,696.872286,902.999790
0.999999,0.000000,0.000001,0.000000,850.625111,605.889017,895.625103,605.870112
0.000000,1.000000,0.000000,0.000000,842.055781,226.876191,842.324423,468.128675
0.999956,0.000000,0.000044,0.000000,56.875251,194.390539,171.885601,192.530508
0.000000,1.000000,0.000000,0.000000,600.063487,571.873873,600.555356,326.872351
1.000000,0.000000,0.000000,0.000000,939.365120,838.876567,845.602406,840.735200
1.000000,0.000000,0.000000,0.000000,243.160633,945.241462,286.996792,949.314075
0.000000,1.000000,0.000000,0.000000,149.790701,516.870296,149.438251,579.375357
0.000000,1.000000,0.000000,0.000000,641.092475,391.874285,641.367648,571.875776
1.000000,0.000000,0.000000,0.000000,364.377290,950.672599,308.077175,953.380750
0.000000,1.000000,0.000000,0.000000,630.624830,323.125000,630.620011,411.875000
0.000000,1.000000,0.000000,0.000000,844.876999,9.266001,839.683797,104.460038
0.000000,1.000000,0.000000,0.000000,823.250105,66.871112,824.607338,546.881412
0.000000,1.000000,0.000000,0.000000,850.088435,190.606323,852.611996,118.107143
1.000000,0.000000,0.000000,0.000000,575.631058,852.131447,753.120598,847.938674
1.000000,0.000000,0.000000,0.000000,724.375862,1001.964575,681.867770,1002.373557
1.000000,0.000000,0.000000,0.000000,384.374932,660.089686,451.875089,660.081132
1.000000,0.000000,0.000000,0.000000,720.623241,915.226710,761.877957,915.044524
0.000000,1.000000,0.000000,0.000000,767.119674,481.885792,767.394791,539.378494
0.000000,1.000000,0.000000,0.000000,403.976834,516.854175,403.123682,584.374983
1.000000,0.000000,0.000000,0.000000,556.885645,743.379082,599.363451,741.599362
1.000000,0.000000,0.000000,0.000000,514.362008,680.116028,588.095873,678.233922
0.000000,1.000000,0.000000,0.000000,796.867948,256.875000,796.862080,344.374999
0.000000,1.000000,0.000000,0.000000,796.699735,346.877285,798.084841,453.125524
0.856555,0.000000,0.143445,0.000000,344.374438,415.556419,480.625539,414.440847
0.000000,1.000000,0.000000,0.000000,735.085743,525.625222,734.932872,154.375285
1.000000,0.000000,0.000000,0.000000,520.625786,173.165374,476.868038,174.017502
1.000000,0.000000,0.000000,0.000000,405.629268,759.454037,459.357603,756.552817
0.000000,1.000000,0.000000,0.000000,774.371019,539.375024,772.727798,269.377417
0.000000,1.000000,0.000000,0.000000,807.859822,66.875472,808.655937,514.378503
0.000000,1.000000,0.000000,0.000000,643.835040,578.126849,643.274155,414.374489
0.000000,1.000000,0.000000,0.000000,838.747948,550.616402,837.192927,211.867802
0.000000,1.000000,0.000000,0.000000,499.376805,336.875000,499.371508,570.625000
0.000000,1.000000,0.000000,0.000000,946.260087,610.607062,947.779066,664.384771
0.000000,1.000000,0.000000,0.000000,714.362484,431.875023,714.437346,473.124887
1.000000,0.000000,0.000000,0.000000,586.875000,580.625000,520.625000,580.625000
0.000000,1.000000,0.000000,0.000000,635.073727,296.876103,635.619038,569.375012
1.000000,0.000000,0.000000,0.000000,828.126496,1000.839945,749.371611,1001.388009
0.000000,1.000000,0.000000,0.000000,950.730411,694.378650,950.471296,613.125490
1.000000,0.000000,0.000000,0.000000,310.625000,158.125000,263.125000,158.125000
0.000000,1.000000,0.000000,0.000000,495.672936,338.125031,495.523583,570.624935
0.000000,1.000000,0.000000,0.000000,719.446521,178.124710,719.353957,554.374995
1.000000,0.000000,0.000000,0.000000,371.868021,853.121703,309.369980,852.771863
0.000000,1.000000,0.000000,0.000000,622.385054,298.121541,621.631176,459.373860
0.000000,0.000000,1.000000,0.000000,697.995197,140.156597,633.127186,233.126525
0.999997,0.000000,0.000003,0.000000,791.875761,567.919641,845.620394,568.118703
0.000000,1.000000,0.000000,0.000000,715.435001,178.123876,713.941196,430.622434
1.000000,0.000000,0.000000,0.000000,470.622420,847.997461,575.630020,845.873169
1.000000,0.000000,0.000000,0.000000,850.624333,826.847516,790.629348,828.304095
0.000000,1.000000,0.000000,0.000000,150.206989,416.872849,149.705231,514.370267
0.000000,1.000000,0.000000,0.000000,483.382879,434.340993,484.342782,476.903917
0.000000,1.000000,0.000000,0.000000,919.125005,750.624240,919.083206,695.624272
1.000000,0.000000,0.000000,0.000000,340.625000,593.125000,295.625000,593.125000
0.000000,1.000000,0.000000,0.000000,578.609063,338.118490,577.960937,414.373606
0.000000,1.000000,0.000000,0.000000,830.648810,544.383144,827.444281,61.879521
0.000000,1.000000,0.000000,0.000000,706.052187,313.100812,708.182681,240.626696
0.000000,1.000000,0.000000,0.000000,815.685730,66.874503,815.547848,396.875490
1.000000,0.000000,0.000000,0.000000,211.874379,672.489208,265.625548,672.436723
0.000000,0.000000,1.000000,0.000000,652.627783,211.528884,675.797077,178.244784
0.000000,1.000000,0.000000,0.000000,153.471103,579.377271,154.537276,416.876065
0.000000,1.000000,0.000000,0.000000,492.872054,569.373710,494.070162,334.373446
0.000000,1.000000,0.000000,0.000000,620.630834,568.124998,620.609887,495.625004
0.000000,0.999986,0.000014,0.000000,578.150867,418.125027,577.990694,573.124861
0.000000,1.000000,0.000000,0.000000,670.929143,473.124040,670.597817,368.125086
0.000000,0.000067,0.999933,0.000000,267.656478,885.390179,246.114895,928.370533
0.999993,0.000000,0.000007,0.000000,845.640940,572.622312,793.114482,570.956705
1.000000,0.000000,0.000000,0.000000,880.623502,997.912772,936.879522,997.515813
0.000000,1.000000,0.000000,0.000000,788.696256,674.378759,788.460831,631.866218
0.000000,1.000000,0.000000,0.000000,750.199806,346.869544,751.555851,551.885379
1.000000,0.000000,0.000000,0.000000,855.579341,759.363705,813.089771,760.901833
1.000000,0.000000,0.000000,0.000000,351.972373,801.890780,310.585507,798.625586
0.000000,1.000000,0.000000,0.000000,501.591778,570.625168,501.452014,334.375250
1.000000,0.000000,0.000000,0.000000,523.125000,594.375000,473.125000,594.375000
0.000000,1.000000,0.000000,0.000000,910.671689,65.602342,910.209633,115.632708
0.000000,1.000000,0.000000,0.000000,575.260149,573.122715,576.739958,336.874154
0.000000,1.000000,0.000000,0.000000,598.948152,326.873060,597.834753,571.873681
1.000000,0.000000,0.000000,0.000000,409.370204,667.200376,451.869061,666.979957
0.000000,1.000000,0.000000,0.000000,503.122960,336.875001,503.223265,571.874958
0.000000,1.000000,0.000000,0.000000,644.267498,368.122805,645.161533,324.340011
1.000000,0.000000,0.000000,0.000000,306.863775,954.488671,238.044270,947.692484
0.000000,1.000000,0.000000,0.000000,326.800374,515.624883,327.059296,350.623328
1.000000,0.000000,0.000000,0.000000,375.620957,874.207867,474.373645,871.818971
0.000000,1.000000,0.000000,0.000000,714.635061,473.129554,715.014550,555.627808
1.000000,0.000000,0.000000,0.000000,474.362655,666.424122,524.389337,667.196957
0.000000,0.999750,0.000250,0.000000,592.541112,531.864980,591.811657,574.373913
0.000000,1.000000,0.000000,0.000000,710.041893,266.874952,710.050847,391.875041
0.874141,0.000000,0.125859,0.000000,434.374936,419.554361,346.874947,419.523378
1.000000,0.000000,0.000000,0.000000,485.603431,747.783399,386.773878,754.023440
0.000000,0.030712,0.000000,0.969288,765.633786,299.377478,752.627066,345.484534
0.000000,1.000000,0.000000,0.000000,789.281771,100.624442,789.096256,546.874884
0.000000,1.000000,0.000000,0.000000,749.868613,154.373852,750.261011,323.125846
0.000000,1.000000,0.000000,0.000000,303.208467,69.375129,303.139035,114.376950
1.000000,0.000000,0.000000,0.000000,774.367286,998.938580,820.624928,998.120937
0.000000,1.000000,0.000000,0.000000,776.479680,106.871416,775.600235,510.624946
0.000000,1.000000,0.000000,0.000000,322.510085,574.377666,323.501780,338.121335
0.000000,1.000000,0.000000,0.000000,847.862066,304.394069,848.732015,259.362578
0.000000,1.000000,0.000000,0.000000,743.255858,154.374779,743.933946,555.625745
0.000000,1.000000,0.000000,0.000000,782.090617,99.373767,781.566089,539.374632
1.000000,0.000000,0.000000,0.000000,221.873049,594.600372,265.630591,594.979133
1.000000,0.000000,0.000000,0.000000,520.621680,586.790023,561.874907,586.907579
0.000000,1.000000,0.000000,0.000000,946.440583,201.876040,946.317881,150.623341
1.000000,0.000000,0.000000,0.000000,264.375038,163.159234,308.124985,163.111079
1.000000,0.000000,0.000000,0.000000,443.121920,174.143840,369.368359,175.126547
0.000000,1.000000,0.000000,0.000000,637.366772,369.372182,637.645479,294.373218
0.000000,1.000000,0.000000,0.000000,831.774790,65.625443,833.904317,546.882614
0.000000,1.000000,0.000000,0.000000,212.709670,451.873026,212.287780,540.621020
1.000000,0.000000,0.000000,0.000000,218.106382,782.871572,275.597565,782.159610
0.000000,1.000000,0.000000,0.000000,330.605264,573.124983,330.802909,339.375150
0.000000,1.000000,0.000000,0.000000,497.081488,570.625512,497.667157,334.373865
0.000000,1.000000,0.000000,0.000000,793.743243,546.873959,793.235767,245.624813
1.000000,0.000000,0.000000,0.000000,935.500540,106.523435,978.147074,108.993963
1.000000,0.000000,0.000000,0.000000,833.106764,900.792994,738.112680,902.394019
1.000000,0.000000,0.000000,0.000000,68.106673,658.594097,108.191996,660.160213
0.000000,1.000000,0.000000,0.000000,126.322991,579.379517,127.366471,418.120092
0.000000,1.000000,0.000000,0.000000,725.190307,243.124694,725.182748,315.625084
0.000000,1.000000,0.000000,0.000000,850.789432,555.641109,849.805993,489.368604
0.000000,1.000000,0.000000,0.000000,491.875000,339.375000,491.875000,564.375000
0.000000,1.000000,0.000000,0.000000,849.046804,364.351577,848.601821,323.092894
0.000000,0.330533,0.000000,0.669467,844.927022,81.943365,851.596382,28.090495
1.000000,0.000000,0.000000,0.000000,919.381830,1000.015437,830.628593,1000.961890
1.000000,0.000000,0.000000,0.000000,421.879942,234.668370,373.122720,235.489645
1.000000,0.000000,0.000000,0.000000,536.879403,863.291576,603.116167,861.540813
0.000000,1.000000,0.000000,0.000000,815.561251,395.641626,816.542043,546.885265
0.999957,0.000000,0.000043,0.000000,844.362704,204.905612,909.386438,203.794208
0.999911,0.000000,0.000089,0.000000,135.628348,588.786015,88.122778,588.515959
0.000000,1.000000,0.000000,0.000000,757.729311,358.120103,758.847197,553.135191
0.000000,0.999999,0.000001,0.000000,410.124672,648.122753,410.781577,501.875703
0.000000,1.000000,0.000000,0.000000,724.692822,408.124213,725.057909,555.626404
0.000000,1.000000,0.000000,0.000000,801.420678,186.874146,801.473030,235.625432
0.000000,1.000000,0.000000,0.000000,606.548279,326.873412,606.050223,429.370992
1.000000,0.000000,0.000000,0.000000,595.651878,743.756995,545.636021,745.884144
0.999860,0.000000,0.000140,0.000000,338.128306,281.091366,229.374909,281.862190
0.000000,1.000000,0.000000,0.000000,792.336173,210.629425,793.403745,99.365681
0.000000,1.000000,0.000000,0.000000,727.134105,554.374277,726.781776,428.125260
0.999987,0.000000,0.000013,0.000000,181.871821,189.098603,95.618854,190.090569
1.000000,0.000000,0.000000,0.000000,943.150546,820.165087,903.135141,817.942422
0.000000,1.000000,0.000000,0.000000,947.627863,93.152492,950.003260,28.102296
0.000000,1.000000,0.000000,0.000000,413.152425,505.625037,413.033418,593.126576
0.603845,0.000000,0.396155,0.000000,259.372424,369.859072,306.876091,369.699296
0.000000,1.000000,0.000000,0.000000,611.875000,569.375000,611.875000,463.125000
0.000000,1.000000,0.000000,0.000000,737.639756,154.374292,737.480129,545.625247
0.000000,1.000000,0.000000,0.000000,910.872844,148.142877,911.764865,198.149262
0.000000,1.000000,0.000000,0.000000,123.379288,419.366491,122.022518,578.126261
1.000000,0.000000,0.000000,0.000000,516.882848,160.952175,566.884061,159.752710
0.000000,1.000000,0.000000,0.000000,319.346012,515.624989,319.386568,408.125004
0.000000,0.500521,0.499479,0.000000,521.102334,549.379330,521.337360,455.620519
0.000000,1.000000,0.000000,0.000000,619.492944,494.367974,620.687699,301.875389
0.000000,1.000000,0.000000,0.000000,733.377436,164.363887,731.803616,305.638130
1.000000,0.000000,0.000000,0.000000,768.118776,847.750134,860.634780,846.214018
1.000000,0.000000,0.000000,0.000000,145.567145,876.734826,200.678029,879.607749
0.000000,1.000000,0.000000,0.000000,711.516454,369.370434,713.935995,179.369410
0.000000,1.000000,0.000000,0.000000,772.737221,261.868129,775.571925,101.874060
1.000000,0.000000,0.000000,0.000000,803.122459,899.268065,868.174834,897.722530
0.000000,0.998528,0.001472,0.000000,448.152317,650.625358,448.110190,506.875004
1.000000,0.000000,0.000000,0.000000,580.625403,287.045021,488.122961,287.264070
0.000000,1.000000,0.000000,0.000000,612.975975,440.625738,613.613605,569.378771
0.000000,0.000000,0.266193,0.733807,38.282115,887.079166,99.708720,839.808660
0.682352,0.000000,0.317648,0.000000,310.630613,420.223117,260.622910,419.524631
1.000000,0.000000,0.000000,0.000000,473.114985,592.462547,523.121763,593.314896
0.000000,0.999947,0.000053,0.000000,590.545323,570.625383,590.118642,481.877434
0.000000,1.000000,0.000000,0.000000,710.552307,424.375247,710.917883,531.874004
1.000000,0.000000,0.000000,0.000000,748.141790,860.123346,683.118431,861.582218
0.000000,1.000000,0.000000,0.000000,713.125000,541.875000,713.125000,483.125000
1.000000,0.000000,0.000000,0.000000,373.130346,247.500000,460.623945,246.751609
1.000000,0.000000,0.000000,0.000000,584.375850,279.821397,486.873824,280.007016
1.000000,0.000000,0.000000,0.000000,260.623092,156.725888,303.132127,156.181897
0.000000,1.000000,0.000000,0.000000,334.375000,531.875000,334.375000,384.375000
1.000000,0.000000,0.000000,0.000000,370.656538,687.223521,415.627632,683.154086
0.000000,1.000000,0.000000,0.000000,611.543685,439.371531,612.904899,309.372695
0.000000,1.000000,0.000000,0.000000,320.625000,515.625000,320.625000,561.875000
0.000000,1.000000,0.000000,0.000000,819.559724,118.142048,820.243381,60.605613
1.000000,0.000000,0.000000,0.000000,985.625041,999.817128,934.374926,999.821878
1.000000,0.000000,0.000000,0.000000,158.103313,705.982472,76.849039,701.052914
0.000000,1.000000,0.000000,0.000000,771.118714,373.121358,771.773501,461.875749
0.000000,1.000000,0.000000,0.000000,266.748288,145.636018,267.643582,54.358017
0.000000,1.000000,0.000000,0.000000,326.602463,569.373274,326.934873,516.875379
1.000000,0.000000,0.000000,0.000000,174.402210,780.173922,217.123770,782.750969
0.000000,0.999987,0.000013,0.000000,359.896170,10.621624,359.178169,165.629878
0.000000,1.000000,0.000000,0.000000,614.770208,308.112973,612.958534,436.872658
0.943442,0.000000,0.056558,0.000000,16.873619,295.462475,230.640049,293.645673
0.000000,1.000000,0.000000,0.000000,949.242556,513.126050,948.548938,425.621640
0.000000,1.000000,0.000000,0.000000,325.769788,339.376192,324.483562,495.625894
0.000000,1.000000,0.000000,0.000000,510.735403,411.892004,509.634405,338.102478
1.000000,0.000000,0.000000,0.000000,564.375002,365.626205,519.375104,365.693954
1.000000,0.000000,0.000000,0.000000,800.622787,960.481796,868.125983,959.438637
0.000000,1.000000,0.000000,0.000000,506.874025,338.125000,506.882769,571.875000
0.000000,1.000000,0.000000,0.000000,731.624965,310.617089,732.742473,451.878026
1.000000,0.000000,0.000000,0.000000,721.873761,900.554692,801.892968,899.144808
1.000000,0.000000,0.000000,0.000000,893.091053,825.771602,851.841640,827.040662
1.000000,0.000000,0.000000,0.000000,845.613741,593.627649,799.386935,592.592173
0.000000,1.000000,0.000000,0.000000,322.006045,339.376342,320.227206,513.120927
1.000000,0.000000,0.000000,0.000000,351.880644,180.933960,443.123030,179.267175
0.000000,1.000000,0.000000,0.000000,802.958983,68.123178,801.683331,184.386612
1.000000,0.000000,0.000000,0.000000,994.375225,975.840707,908.125318,975.930534
0.000000,1.000000,0.000000,0.000000,773.313818,109.357489,771.539674,216.869467
1.000000,0.000000,0.000000,0.000000,176.869699,859.473372,271.930453,864.595945
1.000000,0.000000,0.000000,0.000000,488.119748,290.757709,581.873552,290.317031
1.000000,0.000000,0.000000,0.000000,684.361788,763.588708,631.855609,764.470955
1.000000,0.000000,0.000000,0.000000,879.377537,794.455551,783.104942,797.488269
0.000000,1.000000,0.000000,0.000000,324.747017,498.119380,324.290900,569.374462
0.000000,0.606744,0.393256,0.000000,512.376832,573.125100,512.408811,411.874858
0.000000,1.000000,0.000000,0.000000,771.837824,218.124515,771.006173,281.879972
0.000000,1.000000,0.000000,0.000000,850.223825,458.131944,849.185240,398.128285
0.000000,0.621746,0.378254,0.000000,508.962140,571.873201,509.490336,450.625502
0.999753,0.000000,0.000247,0.000000,88.121995,221.530892,186.875381,220.668610
0.000000,0.947912,0.052088,0.000000,596.875000,73.125000,596.875000,131.875000
0.000000,1.000000,0.000000,0.000000,618.125000,359.375000,618.125000,410.625000
1.000000,0.000000,0.000000,0.000000,535.583939,806.977060,586.857761,805.143046
0.000000,1.000000,0.000000,0.000000,725.200423,195.623168,725.149821,241.875848
0.999991,0.000000,0.000009,0.000000,180.623159,185.447249,98.119063,186.301700
0.000000,1.000000,0.000000,0.000000,766.545876,715.629769,765.965820,675.601947
1.000000,0.000000,0.000000,0.000000,954.363574,822.687971,1004.394737,821.379878
0.000000,1.000000,0.000000,0.000000,615.881918,554.378682,615.460166,440.625611
0.000000,1.000000,0.000000,0.000000,842.916256,478.157963,843.961461,524.412591
0.999935,0.000000,0.000065,0.000000,909.382746,225.291618,850.606389,223.926040
1.000000,0.000000,0.000000,0.000000,866.819883,957.666403,918.133725,959.051862
0.000000,0.499874,0.500126,0.000000,521.861455,143.123882,521.787958,61.875079
0.000000,1.000000,0.000000,0.000000,575.072458,338.122633,574.071254,571.873699
1.000000,0.000000,0.000000,0.000000,308.131181,164.640073,263.126506,165.689565
1.000000,0.000000,0.000000,0.000000,785.619602,795.459681,870.610615,792.684458
1.000000,0.000000,0.000000,0.000000,94.375831,700.586715,136.855807,701.509000
0.618013,0.000000,0.381987,0.000000,306.874819,367.383589,261.874824,367.367538
1.000000,0.000000,0.000000,0.000000,503.158128,756.347286,453.091454,758.643590
1.000000,0.000000,0.000000,0.000000,264.374049,203.051545,305.633316,202.517531
1.000000,0.000000,0.000000,0.000000,558.129666,848.360388,465.616459,850.194065
1.000000,0.000000,0.000000,0.000000,584.370330,871.651485,540.613315,872.565707
1.000000,0.000000,0.000000,0.000000,806.888085,916.372942,738.137259,917.575734
0.000000,1.000000,0.000000,0.000000,489.854048,431.866307,490.911026,338.128225
1.000000,0.000000,0.000000,0.000000,871.880952,824.607381,921.880166,823.326661
0.000000,1.000000,0.000000,0.000000,229.963523,353.099034,228.298835,475.644342
1.000000,0.000000,0.000000,0.000000,568.126345,419.030553,520.622188,418.845065
0.000000,1.000000,0.000000,0.000000,596.860545,530.624999,596.868864,449.374999
0.999978,0.000000,0.000022,0.000000,113.126075,590.514110,159.383844,590.962351
0.982037,0.000000,0.017963,0.000000,128.122086,289.001853,219.376283,288.289286
1.000000,0.000000,0.000000,0.000000,285.639399,841.405507,238.116042,841.556549
0.000000,1.000000,0.000000,0.000000,337.877697,543.130389,338.408466,444.369806
1.000000,0.000000,0.000000,0.000000,519.385969,662.006143,476.886880,661.809347
1.000000,0.000000,0.000000,0.000000,638.132399,768.269380,696.856299,765.260061
1.000000,0.000000,0.000000,0.000000,561.873843,273.859300,520.624050,273.951867
0.603081,0.000000,0.396919,0.000000,261.874787,415.037879,306.875235,415.021552
0.000000,1.000000,0.000000,0.000000,316.875000,519.375000,316.875000,566.875000
0.000000,1.000000,0.000000,0.000000,712.143353,419.382563,711.777327,371.875753
1.000000,0.000000,0.000000,0.000000,451.871389,291.987582,408.121696,291.871641
0.000000,0.000008,0.999992,0.000000,664.913452,93.975794,692.299850,45.162059
0.000000,1.000000,0.000000,0.000000,238.201056,521.875616,239.669829,340.627389
1.000000,0.000000,0.000000,0.000000,649.355641,707.764290,601.858281,710.313483
0.999621,0.000000,0.000379,0.000000,336.874980,288.121512,230.628572,288.739325
0.000000,1.000000,0.000000,0.000000,195.210762,504.377708,194.959682,581.876894
0.000000,1.000000,0.000000,0.000000,668.152495,406.874821,668.527907,464.380530
0.000000,0.000007,0.999993,0.000000,634.123774,147.982408,660.374351,101.732736
0.000000,1.000000,0.000000,0.000000,797.298351,139.364782,797.603715,189.370550
1.000000,0.000000,0.000000,0.000000,388.111740,850.006289,449.387174,848.693039
0.000000,1.000000,0.000000,0.000000,192.552824,445.620708,192.965392,390.623803
0.999269,0.000000,0.000731,0.000000,239.373733,286.449297,298.126933,286.274455
0.983321,0.000000,0.016679,0.000000,226.874918,290.608002,149.370704,290.980052
0.000000,1.000000,0.000000,0.000000,313.308133,419.359225,311.958372,510.644715
0.000000,1.000000,0.000000,0.000000,343.649914,471.874825,343.630601,551.875726
1.000000,0.000000,0.000000,0.000000,290.630487,1005.791591,355.642298,1003.650156
1.000000,0.000000,0.000000,0.000000,500.625749,232.015668,541.874580,231.796110
0.000000,1.000000,0.000000,0.000000,414.828283,585.622212,415.077563,514.377458
0.000000,1.000000,0.000000,0.000000,592.054404,344.372566,591.861153,429.374969
0.000000,1.000000,0.000000,0.000000,671.242450,550.627810,670.909277,475.623737
1.000000,0.000000,0.000000,0.000000,255.626485,831.717118,201.869484,831.211438
1.000000,0.000000,0.000000,0.000000,888.108349,897.231225,938.137560,896.299168
0.000000,1.000000,0.000000,0.000000,252.738723,569.374163,252.855787,340.624223
0.000000,0.824708,0.175292,0.000000,464.696980,133.126722,465.311929,18.123326
0.000000,0.999751,0.000249,0.000000,451.875000,585.625000,451.875000,508.125000
0.000000,1.000000,0.000000,0.000000,315.625000,564.375000,315.625000,513.125000
0.000000,1.000000,0.000000,0.000000,246.561785,520.627426,247.031142,339.375404
0.000000,1.000000,0.000000,0.000000,329.405871,339.375054,329.097993,514.374513
0.000000,0.999994,0.000006,0.000000,356.720658,163.124723,356.951694,34.375138
1.000000,0.000000,0.000000,0.000000,455.627592,874.479074,384.390639,876.253030
0.000000,1.000000,0.000000,0.000000,195.771978,424.361166,195.034864,483.133276
1.000000,0.000000,0.000000,0.000000,518.140675,601.570338,476.901703,601.864796
0.000000,1.000000,0.000000,0.000000,610.844882,338.126633,610.232023,420.631366
1.000000,0.000000,0.000000,0.000000,946.886062,841.527794,989.364369,841.007326
1.000000,0.000000,0.000000,0.000000,373.115474,237.200451,434.371850,236.569316
1.000000,0.000000,0.000000,0.000000,388.113616,751.694478,433.170914,748.853081
0.999951,0.000000,0.000049,0.000000,909.380481,213.897645,848.123165,213.703257
0.000000,1.000000,0.000000,0.000000,925.572888,195.624966,925.609161,140.624990
0.000000,1.000000,0.000000,0.000000,938.219542,158.131750,938.635729,229.379318
0.921887,0.000000,0.078113,0.000000,146.879265,291.055691,11.880124,292.392445
1.000000,0.000000,0.000000,0.000000,576.883706,292.390381,525.627216,293.256208
0.000000,0.999999,0.000001,0.000000,362.591257,165.627398,362.804682,101.873928
0.000000,0.999780,0.000220,0.000000,413.132118,600.625071,412.655556,648.132830
0.000000,0.979471,0.020529,0.000000,489.319119,556.874400,490.633787,434.375094
1.000000,0.000000,0.000000,0.000000,563.115234,755.320598,650.645447,752.512314
0.000000,1.000000,0.000000,0.000000,712.270138,180.612067,710.983599,265.649337
1.000000,0.000000,0.000000,0.000000,908.123698,899.281437,840.619374,900.220581
0.000000,1.000000,0.000000,0.000000,242.428792,523.127935,243.402745,339.376472
0.000000,1.000000,0.000000,0.000000,573.125000,448.125000,573.125000,395.625000
0.000000,1.000000,0.000000,0.000000,618.122247,504.375001,618.149669,555.624987
0.000000,1.000000,0.000000,0.000000,338.711575,443.142332,335.936795,336.932168
0.919978,0.000000,0.080022,0.000000,176.874928,296.793746,56.875022,296.900161
0.999996,0.000000,0.000004,0.000000,840.614153,191.965468,909.369766,192.521852
0.000000,1.000000,0.000000,0.000000,939.333095,270.610074,940.213608,341.880083
0.999990,0.000000,0.000010,0.000000,944.373297,142.552712,1003.126497,142.377863
0.935695,0.000000,0.064305,0.000000,51.860781,289.702197,103.137128,288.912084
0.999830,0.000000,0.000170,0.000000,240.627056,279.517779,300.632613,278.653582
1.000000,0.000000,0.000000,0.000000,515.620474,1001.484799,570.627572,1000.846782
1.000000,0.000000,0.000000,0.000000,445.645534,683.513392,513.155097,679.944281
0.000000,1.000000,0.000000,0.000000,619.432941,300.625341,619.190367,341.873914
0.000000,1.000000,0.000000,0.000000,39.791888,429.378810,40.602951,340.624799
1.000000,0.000000,0.000000,0.000000,450.630638,203.796245,350.627193,204.636141
0.000000,0.999820,0.000180,0.000000,446.690843,521.874850,446.637938,586.875824
0.542433,0.000000,0.457567,0.000000,125.629712,415.955135,176.875529,415.802304
0.999992,0.000000,0.000008,0.000000,144.433128,601.251764,95.575020,599.735647
0.000000,1.000000,0.000000,0.000000,854.157785,181.865938,857.495842,101.848754
0.000000,1.000000,0.000000,0.000000,703.391664,501.856802,703.961882,549.379957
0.000000,1.000000,0.000000,0.000000,769.385345,431.874856,768.810691,390.615450
0.961210,0.000000,0.038790,0.000000,220.615925,303.461156,148.110662,304.181140
1.000000,0.000000,0.000000,0.000000,439.362491,904.710434,480.621869,904.146102
1.000000,0.000000,0.000000,0.000000,789.379309,828.292555,734.383536,829.706910
1.000000,0.000000,0.000000,0.000000,844.380958,962.311363,794.373213,962.994115
1.000000,0.000000,0.000000,0.000000,519.367453,285.150466,559.377213,284.514127
0.000000,1.000000,0.000000,0.000000,241.658542,339.373257,240.168708,524.381392
1.000000,0.000000,0.000000,0.000000,236.990423,841.302809,179.562486,837.665147
1.000000,0.000000,0.000000,0.000000,808.100198,857.500875,849.384350,855.860278
0.000000,1.000000,0.000000,0.000000,836.471284,191.865808,835.045948,60.644867
0.998998,0.000000,0.001002,0.000000,96.873327,227.317009,139.375733,227.229009
0.000000,0.998431,0.001569,0.000000,449.249547,508.125468,449.772107,648.128183
1.000000,0.000000,0.000000,0.000000,39.396299,892.702168,99.370052,895.723225
0.000000,1.000000,0.000000,0.000000,248.125000,429.375000,248.125000,520.625000
1.000000,0.000000,0.000000,0.000000,691.876823,903.318653,640.631365,903.801074
0.000000,1.000000,0.000000,0.000000,319.068964,405.618437,320.516485,338.122673
0.000000,0.864970,0.135030,0.000000,470.159651,164.379645,470.559271,96.874611
1.000000,0.000000,0.000000,0.000000,519.375000,416.875000,566.875000,416.875000
1.000000,0.000000,0.000000,0.000000,659.387069,852.417628,616.880294,853.363018
1.000000,0.000000,0.000000,0.000000,308.014978,735.475025,259.546778,733.205880
0.000000,1.000000,0.000000,0.000000,258.246071,465.616538,258.894258,570.635682
0.000000,0.934882,0.065118,0.000000,460.791516,114.375743,460.585050,160.624822
1.000000,0.000000,0.000000,0.000000,883.107005,912.235063,943.133013,911.021285
1.000000,0.000000,0.000000,0.000000,944.383287,913.501180,853.122501,915.511572
0.000000,1.000000,0.000000,0.000000,333.131205,409.375001,333.108908,518.124997
0.999934,0.000000,0.000066,0.000000,848.118598,210.146764,909.374355,209.326811
1.000000,0.000000,0.000000,0.000000,163.256630,943.764997,114.397484,940.307296
0.000000,1.000000,0.000000,0.000000,245.445619,339.373730,244.135705,524.373306
0.000000,1.000000,0.000000,0.000000,610.632797,494.375006,610.578539,569.374966
1.000000,0.000000,0.000000,0.000000,903.133422,976.318452,826.879489,977.244608
0.000000,0.999997,0.000003,0.000000,347.888268,165.623706,348.708190,15.621355
1.000000,0.000000,0.000000,0.000000,473.159843,184.551491,408.046031,186.141920
0.000000,1.000000,0.000000,0.000000,730.256805,224.365505,731.803806,164.373164
1.000000,0.000000,0.000000,0.000000,706.862452,797.472614,748.145264,796.678602
1.000000,0.000000,0.000000,0.000000,453.127176,949.777534,393.122172,950.101875
0.000000,1.000000,0.000000,0.000000,615.941842,389.378322,616.833327,304.361456
1.000000,0.000000,0.000000,0.000000,996.884472,762.748367,953.130710,761.647959
0.000000,0.999938,0.000062,0.000000,362.746928,99.374210,362.872274,39.374472
0.000000,1.000000,0.000000,0.000000,43.227002,470.626358,42.045582,559.393907
1.000000,0.000000,0.000000,0.000000,94.365030,939.565204,9.401914,935.111558
1.000000,0.000000,0.000000,0.000000,466.724091,465.479962,409.290084,464.060250
1.000000,0.000000,0.000000,0.000000,414.378817,689.202973,464.381937,690.312349
1.000000,0.000000,0.000000,0.000000,71.887196,792.848996,135.623221,795.665265
1.000000,0.000000,0.000000,0.000000,360.621912,201.961355,414.374851,201.818710
0.000000,0.668107,0.331893,0.000000,478.128343,63.101073,479.298575,124.400322
0.000000,1.000000,0.000000,0.000000,227.740266,476.856231,228.798422,525.637507
1.000000,0.000000,0.000000,0.000000,453.125434,243.360882,408.125586,243.443695
1.000000,0.000000,0.000000,0.000000,405.638605,811.004903,453.122472,809.304415
1.000000,0.000000,0.000000,0.000000,509.371414,979.201217,561.874849,978.117664
1.000000,0.000000,0.000000,0.000000,599.332695,713.125209,644.365720,711.600849
1.000000,0.000000,0.000000,0.000000,845.644387,837.296144,890.619782,838.348101
1.000000,0.000000,0.000000,0.000000,223.146929,845.154184,279.391355,847.773870
0.000000,1.000000,0.000000,0.000000,408.125000,513.125000,408.125000,586.875000
1.000000,0.000000,0.000000,0.000000,458.126874,703.175041,406.855150,705.094864
1.000000,0.000000,0.000000,0.000000,464.369654,850.384386,390.628287,852.022919
0.000000,1.000000,0.000000,0.000000,235.105115,445.631243,235.917595,350.616813
0.000000,1.000000,0.000000,0.000000,315.625000,500.625000,315.625000,435.625000
1.000000,0.000000,0.000000,0.000000,694.366390,732.926210,654.387253,734.657882
0.897553,0.000000,0.102447,0.000000,121.914744,304.255778,68.054550,305.154915
0.000000,1.000000,0.000000,0.000000,416.875000,528.125000,416.875000,585.625000
1.000000,0.000000,0.000000,0.000000,703.131556,762.033175,756.944538,759.802705
0.000000,1.000000,0.000000,0.000000,920.302836,160.617085,920.750738,213.123927
0.000000,1.000000,0.000000,0.000000,318.158663,341.875036,318.053231,439.374922
0.000000,1.000000,0.000000,0.000000,661.590017,343.124115,661.756869,289.374633
0.999960,0.000000,0.000040,0.000000,908.123506,206.717013,845.617275,207.307973
0.000000,1.000000,0.000000,0.000000,924.901262,89.384513,924.161837,33.127802
0.000000,1.000000,0.000000,0.000000,196.334563,373.109533,195.152961,414.397264
0.000000,1.000000,0.000000,0.000000,234.375000,520.625000,234.375000,474.375000
0.922361,0.000000,0.077639,0.000000,61.878851,281.009139,5.621973,281.573089
0.000000,0.512416,0.487584,0.000000,517.202066,464.364957,516.059194,569.393327
1.000000,0.000000,0.000000,0.000000,563.125135,980.640366,519.367538,981.024086
1.000000,0.000000,0.000000,0.000000,373.129809,920.789176,443.142969,918.738507
1.000000,0.000000,0.000000,0.000000,613.122769,916.598767,655.630092,916.255420
1.000000,0.000000,0.000000,0.000000,820.629548,784.521502,774.385307,785.957022
1.000000,0.000000,0.000000,0.000000,239.344997,931.191734,190.599264,928.611129
1.000000,0.000000,0.000000,0.000000,818.126518,876.923845,876.858647,875.098761
0.000000,1.000000,0.000000,0.000000,237.142333,370.626088,236.765756,463.124555
1.000000,0.000000,0.000000,0.000000,868.136117,865.333435,821.863345,865.870171
1.000000,0.000000,0.000000,0.000000,454.368011,801.690547,408.137016,803.442152
1.000000,0.000000,0.000000,0.000000,851.876575,915.742421,808.117681,916.329471
1.000000,0.000000,0.000000,0.000000,355.640218,1006.110156,300.615938,1007.836090
1.000000,0.000000,0.000000,0.000000,444.360488,697.245226,393.140188,695.237517
1.000000,0.000000,0.000000,0.000000,674.359897,946.102244,634.350749,946.884207
0.000000,1.000000,0.000000,0.000000,945.149212,60.597823,947.577087,18.093703
0.000000,1.000000,0.000000,0.000000,312.605090,136.879176,312.052958,68.133610
0.000000,0.861716,0.138284,0.000000,584.440291,38.125155,584.194622,141.874573
1.000000,0.000000,0.000000,0.000000,83.172225,968.620921,204.338416,976.209152
1.000000,0.000000,0.000000,0.000000,606.865445,861.369954,668.117171,860.211174
0.000000,1.000000,0.000000,0.000000,712.793670,479.361493,712.187323,438.120408
1.000000,0.000000,0.000000,0.000000,224.396907,1000.379232,288.086546,1006.056399
1.000000,0.000000,0.000000,0.000000,516.874812,571.880472,565.610043,573.559220
1.000000,0.000000,0.000000,0.000000,453.155183,811.358002,405.632817,813.314834
0.945882,0.000000,0.054118,0.000000,66.875173,283.168959,111.874476,282.991917
1.000000,0.000000,0.000000,0.000000,415.624547,701.913483,366.881298,701.339842
1.000000,0.000000,0.000000,0.000000,430.613584,964.631986,498.128648,965.143451
0.000000,0.994792,0.005208,0.000000,643.702504,18.123810,643.815821,73.123577
0.999946,0.000000,0.000054,0.000000,409.385385,463.062433,350.619093,462.965752
0.970255,0.000000,0.029745,0.000000,854.373813,491.506534,899.377373,491.361531
0.000000,0.999966,0.000034,0.000000,364.375000,48.125000,364.375000,121.875000
1.000000,0.000000,0.000000,0.000000,639.394477,732.515552,686.888574,731.071401
0.968974,0.000000,0.031026,0.000000,899.376818,493.943830,855.622326,493.759389
1.000000,0.000000,0.000000,0.000000,243.138060,920.408359,176.902705,916.415419
0.000000,0.956770,0.043230,0.000000,486.619821,509.354097,487.696732,560.607734
1.000000,0.000000,0.000000,0.000000,266.895187,697.744230,218.149655,695.159952
0.000000,1.000000,0.000000,0.000000,9.743973,478.132542,10.663950,433.125796
0.000000,1.000000,0.000000,0.000000,18.125000,343.125000,18.125000,400.625000
1.000000,0.000000,0.000000,0.000000,81.890565,705.217360,21.882599,702.926000
0.000000,1.000000,0.000000,0.000000,83.697325,399.372293,83.764178,444.375907
0.000000,1.000000,0.000000,0.000000,609.486037,374.373938,609.031870,326.878281
1.000000,0.000000,0.000000,0.000000,145.639660,842.836683,101.875693,840.611377
1.000000,0.000000,0.000000,0.000000,444.371446,885.426423,400.613091,886.209645
0.000000,1.000000,0.000000,0.000000,316.943990,446.872293,316.840857,491.874922
0.000000,1.000000,0.000000,0.000000,195.078505,174.382805,196.687322,29.372918
1.000000,0.000000,0.000000,0.000000,370.633853,173.390900,414.376980,171.934455
1.000000,0.000000,0.000000,0.000000,671.863107,901.393788,711.869563,900.405002
1.000000,0.000000,0.000000,0.000000,144.351068,923.528000,203.116525,927.017715
1.000000,0.000000,0.000000,0.000000,846.873969,679.600105,800.624940,679.388195
0.991168,0.000000,0.008832,0.000000,161.875000,281.875000,221.875000,281.875000
0.000000,1.000000,0.000000,0.000000,371.699958,499.396242,372.851294,644.387099
0.000000,1.000000,0.000000,0.000000,24.376748,400.624999,24.342360,341.875019
0.000000,0.953675,0.046325,0.000000,603.125000,48.125000,603.125000,121.875000
0.000000,1.000000,0.000000,0.000000,76.633883,134.384135,77.562117,31.869903
1.000000,0.000000,0.000000,0.000000,146.862533,898.373956,210.640383,901.567809
1.000000,0.000000,0.000000,0.000000,360.626682,703.557706,413.123887,703.665771
0.000000,1.000000,0.000000,0.000000,91.727505,149.378270,91.949932,74.375222
0.000000,0.999997,0.000003,0.000000,315.767815,11.879646,316.030077,74.373300
1.000000,0.000000,0.000000,0.000000,568.125662,26.273883,516.874440,26.326184
1.000000,0.000000,0.000000,0.000000,311.875802,30.931833,260.626152,31.065806
1.000000,0.000000,0.000000,0.000000,443.125000,178.125000,388.125000,178.125000
0.000000,0.744844,0.255156,0.000000,470.178457,94.375295,470.207785,14.374847
0.000000,0.329827,0.000000,0.670173,857.571217,100.556342,865.163591,39.317794
1.000000,0.000000,0.000000,0.000000,949.370542,872.480263,995.618331,872.160493
1.000000,0.000000,0.000000,0.000000,695.624884,961.231522,748.124883,961.222075
0.000000,0.528632,0.471368,0.000000,506.875000,116.875000,506.875000,55.625000
0.000000,0.968985,0.031015,0.000000,619.081158,10.626619,619.411797,70.624797
0.000000,1.000000,0.000000,0.000000,186.833112,119.375120,186.979832,170.624700
0.000000,0.542599,0.457401,0.000000,501.875000,39.375000,501.875000,80.625000
0.000000,1.000000,0.000000,0.000000,259.594660,65.636697,258.888375,154.381075
0.000000,1.000000,0.000000,0.000000,99.496300,578.125865,99.933285,516.878983
0.000000,0.999999,0.000001,0.000000,328.082188,130.624982,328.124815,31.875000
0.000000,0.999998,0.000002,0.000000,331.098182,119.376591,330.918920,31.874398
0.995093,0.000000,0.004907,0.000000,115.625082,239.546421,69.375092,239.568463
0.000000,1.000000,0.000000,0.000000,84.532951,64.377005,83.422023,151.878771
0.000000,1.000000,0.000000,0.000000,341.754922,85.607926,342.813565,155.667482
1.000000,0.000000,0.000000,0.000000,401.875182,254.461360,446.874982,254.366461
0.999988,0.000000,0.000012,0.000000,1004.392736,134.244475,949.347141,135.116573
0.000000,0.999997,0.000003,0.000000,323.125000,24.375000,323.125000,73.125000
0.000000,0.999995,0.000005,0.000000,329.375000,16.875000,329.375000,89.375000
